76,12
76,9
76,17
76,6
3,1
3,3
10,89
10,87
10,214
10,282
10,126
10,296
10,2
11,26
9,5
9,1
9,7
9,2
9,3
8,16
8,12
8,6
8,5
8,8
8,1
8,18
8,2
8,3
82,13
82,3
82,1
79,11
79,10
79,9
79,8
79,7
79,6
79,5
79,4
79,3
79,1
77,148
77,64
77,35
77,34
77,33
77,32
77,31
77,30
77,29
77,28
77,27
77,26
77,25
77,24
77,23
77,22
77,21
77,20
77,19
77,18
77,17
77,16
77,15
77,14
77,13
77,12
77,11
77,10
77,9
77,8
77,7
77,6
77,5
77,4
77,3
77,1
76,19
76,18
76,16
76,11
76,10
76,5
76,4
76,3
76,1
75,3
75,1
74,3
74,1
20,3
20,2
20,1
19,3
19,2
19,1
12,3
12,2
12,1
11,30
11,29
11,28
11,27
11,25
11,24
11,23
11,22
11,21
11,20
11,19
11,18
11,17
11,14
11,13
11,12
11,9
11,8
11,7
11,6
11,5
11,4
18,1
11,3
11,2
18,3
11,1
10,314
10,313
10,290
